image: rmuc2024.pgm
resolution: 0.050000
origin: [-6.000000, -7.750000, 0]
negate: 0
occupied_thresh: 0.65
free_thresh: 0.196

